
a=0;

x = [ [1,2,3],
      [1,2,3],
      [1,2,3]
    ];

y = [ [1,2,3],
      [1,2,3,4,5],
      [1,2]
    ];

a[0,0,1]=1;

i=4;

x[2,6]=2;